tweet_id retweet_count favorite_count 
666020888022790149 479 2477 
666029285002620928 45 123 
666033412701032449 43 119 
666044226329800704 135 280 
666049248165822465 41 101 
666050758794694657 56 126 
666051853826850816 801 1163 
666055525042405380 225 417 
666057090499244032 131 276 
666058600524156928 56 106 
666063827256086533 202 455 
666071193221509120 54 137 
666073100786774016 150 305 
666082916733198337 42 107 
666094000022159362 68 157 
666099513787052032 63 145 
666102155909144576 11 74 
666104133288665088 6147 13759 
666268910803644416 32 98 
666273097616637952 74 164 
666287406224695296 63 140 
666293911632134144 327 476 
666337882303524864 86 186 
666345417576210432 129 280 
666353288456101888 71 209 
666362758909284353 535 744 
666373753744588802 86 177 
666396247373291520 80 160 
666407126856765440 35 101 
666411507551481857 314 423 
666418789513326592 44 116 
666421158376562688 110 307 
666428276349472768 79 158 
666430724426358785 181 304 
666435652385423360 51 159 
666437273139982337 44 118 
666447344410484738 19 98 
666454714377183233 204 502 
666644823164719104 77 225 
666649482315059201 596 1086 
666691418707132416 46 184 
666701168228331520 212 420 
666739327293083650 64 227 
666776908487630848 168 335 
666781792255496192 183 373 
666786068205871104 471 733 
666804364988780544 88 228 
666817836334096384 242 500 
666826780179869698 92 246 
666835007768551424 77 207 
666837028449972224 538 794 
666983947667116034 950 2495 
666996132027977728 90 238 
667012601033924608 214 438 
667044094246576128 49 180 
667062181243039745 51 211 
667065535570550784 44 160 
667070482143944705 14 82 
667073648344346624 117 390 
667090893657276420 122 328 
667119796878725120 125 322 
667138269671505920 2142 4512 
667152164079423490 16524 46691 
667160273090932737 61 250 
667165590075940865 1106 2627 
667171260800061440 84 217 
667174963120574464 79 238 
667176164155375616 450 599 
667177989038297088 55 186 
667182792070062081 6010 14053 
667188689915760640 399 731 
667192066997374976 98 377 
667200525029539841 256 603 
667211855547486208 239 480 
667369227918143488 159 358 
667393430834667520 53 190 
667405339315146752 217 455 
667435689202614272 83 301 
667437278097252352 230 440 
667443425659232256 561 766 
667453023279554560 88 303 
667455448082227200 59 187 
667470559035432960 96 251 
667491009379606528 221 522 
667495797102141441 263 508 
667502640335572993 216 526 
667509364010450944 2073 6670 
667517642048163840 188 362 
667524857454854144 1085 1660 
667530908589760512 233 457 
667534815156183040 511 807 
667538891197542400 64 200 
667544320556335104 513 847 
667546741521195010 121 332 
667549055577362432 2220 5685 
667550882905632768 32 0 
667550904950915073 34 0 
667724302356258817 313 472 
667728196545200128 146 373 
667766675769573376 212 434 
667773195014021121 55 233 
667782464991965184 241 401 
667793409583771648 323 689 
667801013445750784 95 323 
667806454573760512 482 1041 
667832474953625600 61 288 
667861340749471744 75 236 
667866724293877760 1009 2972 
667873844930215936 396 619 
667878741721415682 115 385 
667885044254572545 469 804 
667886921285246976 1056 1852 
667902449697558528 370 838 
667911425562669056 297 482 
667915453470232577 55 205 
667924896115245057 109 294 
667937095915278337 773 1236 
668113020489474048 235 659 
668142349051129856 277 566 
668154635664932864 302 482 
668171859951755264 189 481 
668190681446379520 193 646 
668204964695683073 190 552 
668221241640230912 192 506 
668226093875376128 102 294 
668237644992782336 2798 6097 
668248472370458624 472 965 
668256321989451776 596 1284 
668268907921326080 232 547 
668274247790391296 227 810 
668286279830867968 135 496 
668291999406125056 29 238 
668297328638447616 294 612 
668466899341221888 506 872 
668480044826800133 144 449 
668484198282485761 231 417 
668496999348633600 128 404 
668507509523615744 101 318 
668528771708952576 220 452 
668537837512433665 72 249 
668542336805281792 211 446 
668544745690562560 217 508 
668567822092664832 52 241 
668587383441514497 1054 1657 
668614819948453888 313 606 
668620235289837568 40 196 
668623201287675904 750 1406 
668625577880875008 129 381 
668627278264475648 111 311 
668631377374486528 310 705 
668633411083464705 1596 2769 
668636665813057536 481 1029 
668641109086707712 532 1061 
668643542311546881 523 868 
668645506898350081 520 874 
668655139528511488 216 524 
668779399630725120 368 697 
668815180734689280 263 566 
668826086256599040 134 428 
668852170888998912 164 448 
668872652652679168 297 519 
668892474547511297 148 394 
668902994700836864 100 314 
668932921458302977 58 260 
668955713004314625 71 275 
668960084974809088 235 698 
668967877119254528 22 146 
668975677807423489 571 1288 
668979806671884288 342 788 
668981893510119424 301 531 
668986018524233728 165 548 
668988183816871936 461 888 
668989615043424256 325 674 
668992363537309700 337 733 
668994913074286592 226 436 
669000397445533696 6274 20632 
669006782128353280 244 572 
669015743032369152 370 735 
669037058363662336 307 647 
669203728096960512 467 994 
669214165781868544 161 433 
669216679721873412 401 1183 
669324657376567296 205 492 
669327207240699904 115 570 
669328503091937280 413 1009 
669351434509529089 181 431 
669353438988365824 259 632 
669354382627049472 1260 2674 
669359674819481600 121 366 
669363888236994561 222 613 
669367896104181761 149 454 
669371483794317312 177 496 
669375718304980992 717 1320 
669393256313184256 75 362 
669564461267722241 121 380 
669567591774625800 55 231 
669571471778410496 1002 1578 
669573570759163904 138 431 
669583744538451968 915 1477 
669597912108789760 149 508 
669603084620980224 357 941 
669625907762618368 1790 3491 
669661792646373376 426 798 
669680153564442624 284 658 
669682095984410625 132 347 
669683899023405056 110 385 
669684865554620416 88 510 
669749430875258880 65 264 
669753178989142016 391 804 
669923323644657664 54 230 
669926384437997569 99 368 
669942763794931712 159 496 
669970042633789440 59 301 
669972011175813120 156 444 
669993076832759809 83 323 
670003130994700288 92 331 
670037189829525505 269 584 
670040295598354432 110 750 
670046952931721218 171 642 
670055038660800512 328 662 
670061506722140161 331 755 
670069087419133954 233 617 
670073503555706880 771 1562 
670079681849372674 1210 2204 
670086499208155136 246 690 
670093938074779648 329 1014 
670290420111441920 281 697 
670303360680108032 130 426 
670319130621435904 1206 3835 
670338931251150849 107 418 
670361874861563904 65 325 
670374371102445568 267 744 
670385711116361728 202 554 
670403879788544000 153 424 
670408998013820928 220 553 
670411370698022913 880 2003 
670417414769758208 315 563 
670420569653809152 309 622 
670421925039075328 622 1289 
670427002554466305 160 518 
670428280563085312 613 1365 
670433248821026816 111 325 
670434127938719744 639 1386 
670435821946826752 508 1040 
670442337873600512 196 636 
670444955656130560 1951 6643 
670449342516494336 643 1184 
670452855871037440 202 541 
670465786746662913 540 959 
670468609693655041 86 350 
670474236058800128 730 1496 
670668383499735048 4951 10570 
670676092097810432 41 245 
670679630144274432 276 741 
670691627984359425 241 588 
670704688707301377 369 766 
670717338665226240 485 1189 
670727704916926465 353 820 
670733412878163972 505 950 
670755717859713024 109 435 
670764103623966721 414 1059 
670778058496974848 72 324 
670780561024270336 286 780 
670782429121134593 758 1544 
670783437142401025 383 816 
670786190031921152 200 598 
670789397210615808 239 655 
670792680469889025 273 820 
670797304698376195 234 731 
670803562457407488 87 338 
670804601705242624 943 1937 
670807719151067136 486 1146 
670811965569282048 268 1114 
670815497391357952 1518 3145 
670822709593571328 93 601 
670823764196741120 186 763 
670826280409919488 3991 5475 
670832455012716544 213 725 
670833812859932673 121 436 
670838202509447168 682 1092 
670840546554966016 193 582 
670842764863651840 8552 24328 
670995969505435648 290 1099 
671109016219725825 433 1128 
671115716440031232 766 1357 
671122204919246848 2487 3457 
671134062904504320 191 738 
671138694582165504 398 909 
671141549288370177 649 1144 
671147085991960577 218 662 
671151324042559489 152 663 
671154572044468225 216 703 
671159727754231808 81 368 
671163268581498880 1086 1645 
671166507850801152 348 863 
671182547775299584 340 1107 
671186162933985280 207 732 
671347597085433856 421 946 
671355857343524864 114 479 
671357843010908160 147 394 
671362598324076544 292 1091 
671390180817915904 733 1427 
671485057807351808 229 757 
671486386088865792 195 573 
671488513339211776 464 1003 
671497587707535361 440 905 
671504605491109889 3510 6925 
671511350426865664 703 1591 
671518598289059840 290 942 
671520732782923777 522 1386 
671528761649688577 258 835 
671533943490011136 570 1010 
671536543010570240 399 1159 
671538301157904385 391 921 
671542985629241344 556 1082 
671544874165002241 1034 1953 
671547767500775424 585 1336 
671550332464455680 206 900 
671561002136281088 7131 12679 
671729906628341761 4292 8415 
671735591348891648 743 1430 
671743150407421952 233 741 
671744970634719232 756 1338 
671763349865160704 905 1656 
671768281401958400 501 1182 
671789708968640512 3440 6993 
671855973984772097 435 895 
671866342182637568 485 1102 
671874878652489728 549 1235 
671879137494245376 667 1400 
671882082306625538 1361 3425 
671891728106971137 566 1317 
671896809300709376 4104 8418 
672068090318987265 513 1280 
672082170312290304 358 934 
672095186491711488 367 993 
672125275208069120 1128 2372 
672139350159835138 688 1727 
672160042234327040 353 864 
672169685991993344 364 1007 
672205392827572224 1139 2241 
672222792075620352 209 776 
672231046314901505 993 1808 
672239279297454080 319 883 
672245253877968896 155 675 
672248013293752320 598 1710 
672254177670729728 731 1416 
672256522047614977 1526 2789 
672264251789176834 333 1126 
672267570918129665 608 1483 
672272411274932228 3330 6400 
672466075045466113 530 1339 
672475084225949696 692 1417 
672481316919734272 124 709 
672482722825261057 591 1121 
672488522314567680 434 1102 
672523490734551040 167 632 
672538107540070400 360 1019 
672591271085670400 179 716 
672591762242805761 332 942 
672594978741354496 603 1319 
672604026190569472 397 1100 
672609152938721280 385 1104 
672614745925664768 575 1212 
672622327801233409 485 1287 
672640509974827008 317 967 
672828477930868736 488 1244 
672834301050937345 558 1303 
672877615439593473 359 1018 
672884426393653248 830 1528 
672898206762672129 424 898 
672902681409806336 498 1349 
672964561327235073 633 1405 
672968025906282496 542 1305 
672970152493887488 353 938 
672975131468300288 898 1661 
672980819271634944 990 1808 
672984142909456390 539 1251 
672988786805112832 292 978 
672995267319328768 288 944 
672997845381865473 716 1959 
673148804208660480 623 1674 
673213039743795200 833 2227 
673240798075449344 724 1410 
673270968295534593 365 1057 
673295268553605120 3138 7458 
673317986296586240 255 871 
673320132811366400 7826 13358 
673342308415348736 574 1260 
673343217010679808 269 963 
673345638550134785 1251 2487 
673350198937153538 212 743 
673352124999274496 531 1646 
673355879178194945 569 1480 
673359818736984064 665 1440 
673363615379013632 305 1015 
673576835670777856 556 1376 
673580926094458881 269 828 
673583129559498752 357 1180 
673612854080196609 721 1589 
673636718965334016 356 1093 
673656262056419329 238 715 
673662677122719744 363 1244 
673680198160809984 466 1364 
673686845050527744 434 1423 
673688752737402881 491 1255 
673689733134946305 647 1725 
673697980713705472 1930 3769 
673700254269775872 560 1430 
673705679337693185 402 1250 
673707060090052608 387 1093 
673708611235921920 285 1073 
673709992831262724 273 842 
673711475735838725 297 1030 
673715861853720576 2054 3523 
673716320723169284 741 3061 
673887867907739649 251 925 
673906403526995968 1623 3176 
673919437611909120 370 1160 
673956914389192708 948 1938 
674008982932058114 347 1193 
674014384960745472 633 1557 
674019345211760640 300 1123 
674024893172875264 1208 1775 
674036086168010753 209 844 
674038233588723717 411 1096 
674042553264685056 128 720 
674045139690631169 638 1414 
674051556661161984 485 1440 
674053186244734976 1290 3310 
674063288070742018 2193 6336 
674075285688614912 287 980 
674082852460433408 167 753 
674255168825880576 550 1459 
674262580978937856 454 1300 
674265582246694913 847 1647 
674269164442398721 225 903 
674271431610523648 730 1564 
674291837063053312 5848 14682 
674307341513269249 6921 11287 
674318007229923329 516 1415 
674330906434379776 73 559 
674372068062928900 314 845 
674394782723014656 574 1504 
674410619106390016 462 1197 
674416750885273600 140 680 
674422304705744896 535 1434 
674436901579923456 394 1113 
674447403907457024 355 1060 
674468880899788800 2032 6206 
674606911342424069 97 939 
674632714662858753 575 1502 
674638615994089473 579 1679 
674644256330530816 266 1021 
674646392044941312 495 1435 
674664755118911488 254 918 
674670581682434048 646 1600 
674690135443775488 465 1145 
674737130913071104 93 645 
674739953134403584 385 1103 
674742531037511680 50 489 
674743008475090944 551 1397 
674752233200820224 465 1456 
674754018082705410 448 1365 
674764817387900928 237 786 
674767892831932416 788 1823 
674774481756377088 471 1111 
674781762103414784 1202 1998 
674788554665512960 208 817 
674790488185167872 249 1100 
674793399141146624 1084 2509 
674800520222154752 860 3023 
674805413498527744 354 859 
674999807681908736 1100 2248 
675003128568291329 470 1560 
675006312288268288 228 984 
675015141583413248 1185 2709 
675047298674663426 326 1059 
675109292475830276 1135 2790 
675111688094527488 253 964 
675113801096802304 786 1951 
675135153782571009 495 1299 
675145476954566656 905 2135 
675146535592706048 307 1191 
675147105808306176 235 941 
675149409102012420 1681 3730 
675153376133427200 2592 6283 
675166823650848770 1601 3614 
675334060156301312 1289 2770 
675349384339542016 2265 3922 
675354435921575936 16924 32688 
675362609739206656 234 1050 
675372240448454658 516 1692 
675432746517426176 569 1526 
675483430902214656 981 1842 
675489971617296384 600 1299 
675497103322386432 1298 3151 
675501075957489664 5849 17178 
675517828909424640 464 1292 
675522403582218240 289 1040 
675531475945709568 386 1185 
675534494439489536 418 1821 
675706639471788032 97 643 
675707330206547968 688 1983 
675710890956750848 821 1895 
675740360753160193 346 1168 
675781562965868544 473 1637 
675798442703122432 3410 10295 
675820929667219457 234 1052 
675822767435051008 536 1523 
675845657354215424 882 2281 
675849018447167488 145 939 
675853064436391936 1302 2696 
675870721063669760 569 1642 
675878199931371520 1404 4194 
675888385639251968 960 2392 
675891555769696257 865 2141 
675898130735476737 570 1628 
676089483918516224 437 1321 
676098748976615425 1432 3031 
676101918813499392 1172 2830 
676121918416756736 1166 2169 
676146341966438401 663 1926 
676191832485810177 1042 2297 
676215927814406144 587 1753 
676219687039057920 31214 76212 
676237365392908289 289 1230 
676263575653122048 553 2089 
676430933382295552 347 1403 
676440007570247681 673 1730 
676470639084101634 4707 11689 
676496375194980353 534 1527 
676533798876651520 556 1884 
676575501977128964 1122 2604 
676582956622721024 280 1207 
676588346097852417 793 2330 
676590572941893632 126 916 
676593408224403456 2173 4611 
676603393314578432 385 1166 
676606785097199616 441 1892 
676613908052996102 199 1089 
676617503762681856 980 2920 
676776431406465024 2041 5041 
676811746707918848 426 1426 
676819651066732545 676 1823 
676821958043033607 15769 23226 
676864501615042560 715 2117 
676897532954456065 726 2272 
676916996760600576 1816 3002 
676936541936185344 4963 12832 
676942428000112642 761 2093 
676946864479084545 375 1741 
676948236477857792 871 2188 
676949632774234114 398 1323 
676957860086095872 815 2251 
676975532580409345 1087 2804 
677187300187611136 931 2773 
677228873407442944 1661 3577 
677269281705472000 711 2014 
677301033169788928 407 1246 
677314812125323265 533 1658 
677328882937298944 1522 3668 
677331501395156992 236 1100 
677334615166730240 287 1364 
677335745548390400 1805 3070 
677530072887205888 233 1082 
677547928504967168 3714 7004 
677557565589463040 1169 2466 
677565715327688705 468 1310 
677573743309385728 724 2155 
677644091929329666 809 1879 
677662372920729601 970 1960 
677673981332312066 1517 3365 
677687604918272002 855 2509 
677698403548192770 323 1247 
677700003327029250 1460 3428 
677716515794329600 987 3099 
677895101218201600 2122 4907 
677918531514703872 419 1371 
677961670166224897 1705 3462 
678021115718029313 6422 13894 
678023323247357953 389 1954 
678255464182861824 369 1611 
678278586130948096 6162 11587 
678334497360859136 259 1320 
678341075375947776 545 1750 
678380236862578688 924 2479 
678389028614488064 432 1898 
678396796259975168 420 1619 
678399652199309312 32300 80377 
678410210315247616 1845 4293 
678424312106393600 2593 5570 
678446151570427904 1580 4058 
678643457146150913 422 2076 
678675843183484930 1499 2907 
678708137298427904 2469 5671 
678740035362037760 1708 3809 
678755239630127104 3342 7244 
678764513869611008 481 1662 
678767140346941444 1383 3595 
678774928607469569 926 2849 
678798276842360832 1187 3502 
678800283649069056 918 2622 
678969228704284672 470 1674 
678991772295516161 1190 2349 
679001094530465792 1249 2875 
679047485189439488 684 2281 
679062614270468097 8297 17303 
679111216690831360 2612 6071 
679132435750195208 1178 3015 
679148763231985668 1049 2822 
679158373988876288 8204 21757 
679405845277462528 1227 2413 
679462823135686656 19218 32276 
679475951516934144 653 2127 
679503373272485890 1503 3208 
679511351870550016 1290 3429 
679527802031484928 734 2689 
679530280114372609 2124 4864 
679722016581222400 473 1683 
679729593985699840 847 2201 
679736210798047232 813 2127 
679777920601223168 1131 3142 
679828447187857408 14305 36960 
679844490799091713 780 2413 
679854723806179328 1255 2910 
679862121895714818 639 2498 
679872969355714560 676 2218 
679877062409191424 663 2009 
680070545539371008 898 2634 
680085611152338944 9163 13047 
680100725817409536 1411 3647 
680115823365742593 925 2766 
680130881361686529 969 2330 
680145970311643136 1781 3684 
680161097740095489 752 2369 
680176173301628928 1592 3972 
680191257256136705 510 2188 
680206703334408192 1200 2896 
680221482581123072 298 1487 
680440374763077632 510 1476 
680473011644985345 756 2597 
680494726643068929 494 1757 
680497766108381184 1957 4315 
680583894916304897 1372 3698 
680609293079592961 721 2688 
680798457301471234 1060 2905 
680801747103793152 835 2417 
680805554198020098 677 2194 
680836378243002368 1355 3534 
680889648562991104 373 1797 
680913438424612864 636 2449 
680934982542561280 445 2114 
680940246314430465 1076 3269 
680959110691590145 2045 4668 
680970795137544192 674 2472 
681193455364796417 1516 3778 
681231109724700672 497 2453 
681242418453299201 546 1515 
681261549936340994 280 1485 
681281657291280384 1124 3290 
681297372102656000 980 3272 
681302363064414209 1859 4024 
681320187870711809 769 2695 
681339448655802368 4180 9498 
681340665377193984 285 1669 
681523177663676416 5912 14622 
681579835668455424 1332 3629 
681610798867845120 481 1945 
681654059175129088 947 2694 
681679526984871937 455 1805 
681694085539872773 4162 13053 
681891461017812993 838 2520 
681981167097122816 1061 2863 
682003177596559360 1565 3210 
682032003584274432 2058 6733 
682047327939461121 971 3265 
682059653698686977 1731 5053 
682088079302213632 10120 18690 
682242692827447297 1199 3328 
682259524040966145 1238 4251 
682303737705140231 1015 3123 
682389078323662849 475 1697 
682393905736888321 693 2282 
682406705142087680 1808 7748 
682429480204398592 1189 3504 
682638830361513985 615 2108 
682662431982772225 1107 3122 
682697186228989953 367 1337 
682750546109968385 448 1545 
682788441537560576 1136 2525 
682808988178739200 178 1817 
682962037429899265 17050 37713 
683030066213818368 751 2202 
683078886620553216 574 2023 
683098815881154561 675 2210 
683111407806746624 930 3470 
683142553609318400 1067 2943 
683357973142474752 950 2999 
683391852557561860 2451 7805 
683449695444799489 1636 3987 
683462770029932544 692 2478 
683481228088049664 1020 2705 
683498322573824003 981 3233 
683515932363329536 2964 7498 
683742671509258241 3399 6636 
683773439333797890 1388 3418 
683828599284170753 1093 2861 
683834909291606017 1136 2678 
683849932751646720 991 2666 
683852578183077888 355 1969 
683857920510050305 1142 3887 
684097758874210310 1464 4214 
684122891630342144 481 2046 
684147889187209216 1541 3048 
684177701129875456 678 2057 
684188786104872960 1205 3569 
684195085588783105 523 1955 
684200372118904832 1057 2209 
684222868335505415 1405 3911 
684225744407494656 213 1256 
684241637099323392 3367 8346 
684460069371654144 570 2018 
684481074559381504 1199 3967 
684538444857667585 976 2707 
684567543613382656 1260 3091 
684588130326986752 1449 4205 
684594889858887680 3612 9112 
684800227459624960 1028 2780 
684830982659280897 22181 35843 
684880619965411328 837 2147 
684902183876321280 542 1918 
684914660081053696 1493 3584 
684926975086034944 473 3576 
684940049151070208 1069 3289 
684959798585110529 3213 6967 
684969860808454144 381 2427 
685169283572338688 1457 4198 
685198997565345792 682 2390 
685268753634967552 1227 3166 
685307451701334016 454 2120 
685315239903100929 1086 3424 
685321586178670592 660 2709 
685325112850124800 4070 9684 
685532292383666176 1191 3101 
685547936038666240 16055 33729 
685641971164143616 798 3005 
685663452032069632 1495 3324 
685667379192414208 589 2405 
685681090388975616 129 2083 
685906723014619143 2968 7679 
685943807276412928 608 1665 
685973236358713344 536 2154 
686003207160610816 650 1865 
686007916130873345 426 2546 
686034024800862208 1184 3188 
686035780142297088 121 1180 
686050296934563840 740 2253 
686286779679375361 1695 4089 
686358356425093120 691 2236 
686377065986265092 580 2257 
686386521809772549 901 3333 
686394059078897668 699 1776 
686606069955735556 554 1938 
686618349602762752 1394 3777 
686683045143953408 826 2888 
686730991906516992 1225 4230 
686749460672679938 1488 3558 
686760001961103360 1415 3604 
686947101016735744 3268 8813 
687096057537363968 615 2292 
687102708889812993 1004 2393 
687109925361856513 2519 5941 
687124485711986689 514 2211 
687127927494963200 2346 5576 
687312378585812992 1946 4459 
687317306314240000 9389 20582 
687399393394311168 634 1938 
687460506001633280 553 2098 
687476254459715584 547 2029 
687480748861947905 247 1633 
687494652870668288 587 1944 
687664829264453632 517 1982 
687704180304273409 860 2486 
687732144991551489 681 1798 
687807801670897665 727 2443 
687818504314159109 971 2544 
687826841265172480 1149 2796 
687841446767013888 2578 5593 
688064179421470721 367 1764 
688116655151435777 798 2893 
688179443353796608 595 2169 
688211956440801280 852 2283 
688385280030670848 4566 9498 
688519176466644993 742 2369 
688547210804498433 717 2667 
688789766343622656 673 2266 
688804835492233216 195 981 
688828561667567616 380 1410 
688894073864884227 710 2288 
688898160958271489 797 2147 
688908934925697024 786 2156 
688916208532455424 895 2786 
689143371370250240 522 2054 
689154315265683456 1020 3139 
689255633275777024 1107 2615 
689275259254616065 247 1173 
689280876073582592 727 2029 
689283819090870273 1132 3352 
689289219123089408 963 2304 
689517482558820352 1468 3478 
689557536375177216 468 2092 
689599056876867584 5658 11893 
689623661272240129 652 2274 
689659372465688576 3974 10601 
689661964914655233 944 3278 
689835978131935233 760 2204 
689877686181715968 1201 3096 
689905486972461056 708 2491 
689977555533848577 459 1396 
689993469801164801 463 1488 
689999384604450816 379 1457 
690005060500217858 1730 3738 
690015576308211712 754 2555 
690021994562220032 1051 2852 
690248561355657216 425 1713 
690348396616552449 529 1541 
690360449368465409 907 2710 
690374419777196032 867 3323 
690400367696297985 463 1919 
690597161306841088 621 2009 
690607260360429569 17 297 
690649993829576704 286 1334 
690690673629138944 824 2375 
690728923253055490 528 2224 
690735892932222976 1299 3864 
690932576555528194 1050 3361 
690938899477221376 2017 4203 
690959652130045952 1280 3675 
690989312272396288 2935 6022 
691090071332753408 341 1752 
691096613310316544 896 3023 
691321916024623104 672 2629 
691416866452082688 7819 19745 
691444869282295808 869 2709 
691459709405118465 1166 4128 
691483041324204033 576 2433 
691675652215414786 522 1988 
691756958957883396 1033 2932 
691793053716221953 4322 8314 
691820333922455552 1695 4035 
692017291282812928 982 2935 
692041934689402880 1297 3480 
692142790915014657 402 1678 
692158366030913536 803 2187 
692187005137076224 838 2585 
692417313023332352 3549 9537 
692423280028966913 232 1514 
692530551048294401 421 1876 
692535307825213440 1392 3249 
692568918515392513 1575 4445 
692752401762250755 3719 6969 
692828166163931137 897 2934 
692894228850999298 823 2321 
692901601640583168 614 1808 
692905862751522816 892 2487 
692919143163629568 768 2725 
693095443459342336 477 1905 
693109034023534592 633 1754 
693155686491000832 3278 8044 
693231807727280129 751 2927 
693262851218264065 510 2272 
693267061318012928 830 2433 
693280720173801472 1264 3432 
693486665285931008 649 1817 
693582294167244802 260 1685 
693590843962331137 2002 5167 
693622659251335168 378 1569 
693629975228977152 809 2497 
693642232151285760 417 2590 
693644216740769793 126 1373 
693647888581312512 602 2750 
693942351086120961 376 1774 
693993230313091072 410 1911 
694001791655137281 1051 3476 
694183373896572928 948 3012 
694206574471057408 2078 4257 
694329668942569472 514 2044 
694342028726001664 491 1601 
694352839993344000 631 2084 
694356675654983680 292 1534 
694669722378485760 14721 36567 
694905863685980160 953 2807 
694925794720792577 939 2758 
695051054296211456 800 2720 
695064344191721472 602 1631 
695074328191332352 1125 2906 
695095422348574720 631 2690 
695314793360662529 1488 3713 
695409464418041856 3666 8850 
695446424020918272 1852 4488 
695629776980148225 2147 4675 
695767669421768709 765 1904 
695794761660297217 795 3234 
695816827381944320 1191 3068 
696100768806522880 670 1976 
696405997980676096 1177 3273 
696488710901260288 1040 2593 
696490539101908992 145 1238 
696518437233913856 1744 3986 
696713835009417216 663 2425 
696744641916489729 961 2114 
696754882863349760 370 1514 
696877980375769088 720 2489 
696886256886657024 1843 4971 
696894894812565505 691 2393 
696900204696625153 1042 3238 
697242256848379904 684 2571 
697255105972801536 1189 3095 
697259378236399616 1026 3361 
697270446429966336 1919 4792 
697463031882764288 1420 3490 
697482927769255936 689 2466 
697516214579523584 1144 2113 
697575480820686848 510 2079 
697596423848730625 1286 3090 
697616773278015490 1032 3233 
697630435728322560 551 1792 
697881462549430272 1210 3083 
697943111201378304 699 2444 
697990423684476929 1321 3362 
697995514407682048 340 1553 
698178924120031232 760 2876 
698195409219559425 6115 17121 
698262614669991936 2046 4863 
698342080612007937 970 2311 
698355670425473025 461 1908 
698549713696649216 636 2380 
698635131305795584 347 1316 
698703483621523456 390 1482 
698710712454139905 697 2524 
698907974262222848 640 2597 
698953797952008193 926 2763 
698989035503689728 1000 3447 
699036661657767936 1219 2657 
699060279947165696 1844 3851 
699072405256409088 1216 3057 
699079609774645248 674 2508 
699088579889332224 648 2290 
699323444782047232 882 3235 
699370870310113280 452 1930 
699413908797464576 632 2119 
699423671849451520 334 1398 
699434518667751424 526 2214 
699446877801091073 2671 6071 
699691744225525762 4722 10496 
699775878809702401 613 1998 
699779630832685056 1272 2814 
699788877217865730 514 2281 
699801817392291840 975 3128 
700002074055016451 1370 3388 
700029284593901568 602 2119 
700062718104104960 705 2708 
700143752053182464 2795 7692 
700151421916807169 686 2281 
700167517596164096 758 2695 
700462010979500032 1830 4218 
700505138482569216 587 2336 
700518061187723268 813 2678 
700747788515020802 9549 23372 
700796979434098688 970 2490 
700847567345688576 512 2501 
700864154249383937 631 2647 
700890391244103680 578 2263 
701214700881756160 5232 12486 
701545186879471618 623 2714 
701570477911896070 948 2875 
701601587219795968 466 2132 
701805642395348998 1721 3499 
701889187134500865 1415 3611 
701952816642965504 1048 3905 
701981390485725185 1010 3525 
702217446468493312 1371 4900 
702276748847800320 782 2522 
702321140488925184 1060 3339 
702332542343577600 1584 3256 
702539513671897089 979 2936 
702598099714314240 3514 12448 
702671118226825216 569 2247 
702684942141153280 1093 3296 
702899151802126337 463 1638 
702932127499816960 739 2648 
703041949650034688 12787 26897 
703079050210877440 3161 7553 
703268521220972544 556 2008 
703356393781329922 393 1949 
703382836347330562 1162 3586 
703407252292673536 711 2506 
703425003149250560 1389 3868 
703611486317502464 1561 3938 
703631701117943808 696 2643 
703769065844768768 1163 3349 
703774238772166656 475 1877 
704054845121142784 930 2992 
704113298707505153 577 1887 
704134088924532736 474 1536 
704347321748819968 358 1618 
704364645503647744 3632 8169 
704480331685040129 1088 3462 
704491224099647488 81 777 
704499785726889984 1032 2993 
704761120771465216 2961 6767 
704819833553219584 1010 2695 
704847917308362754 1565 5205 
704859558691414016 553 2296 
704871453724954624 1134 4353 
705066031337840642 630 2223 
705102439679201280 522 2195 
705223444686888960 809 2626 
705239209544720384 765 3067 
705428427625635840 1723 3887 
705442520700944385 1662 4527 
705475953783398401 938 3013 
705591895322394625 1176 3236 
705786532653883392 528 1983 
705898680587526145 567 2414 
705970349788291072 911 3212 
705975130514706432 743 3177 
706153300320784384 387 1514 
706166467411222528 1637 5263 
706169069255446529 2269 3983 
706265994973601792 947 2787 
706291001778950144 482 1735 
706310011488698368 8125 21797 
706346369204748288 946 3519 
706516534877929472 1051 3163 
706538006853918722 1455 3537 
706593038911545345 646 2204 
706644897839910912 1121 2627 
706681918348251136 992 3393 
706901761596989440 607 2104 
706904523814649856 8022 14888 
707014260413456384 602 2347 
707021089608753152 1400 4173 
707038192327901184 803 2238 
707059547140169728 690 2643 
707297311098011648 803 2835 
707315916783140866 659 2525 
707377100785885184 1105 3351 
707387676719185920 1316 3574 
707411934438625280 608 2340 
707420581654872064 708 2318 
707610948723478529 6500 17306 
707629649552134146 897 2621 
707693576495472641 1019 3487 
707738799544082433 2526 4177 
707741517457260545 627 2542 
707776935007539200 970 3347 
707969809498152960 983 2763 
707983188426153984 2 51 
707995814724026368 1148 3199 
708026248782585858 1962 4466 
708109389455101952 556 1981 
708119489313951744 1004 2743 
708130923141795840 860 3454 
708149363256774660 1586 4367 
708349470027751425 753 2396 
708356463048204288 1345 3659 
708400866336894977 10301 16313 
708469915515297792 832 3158 
708479650088034305 688 2604 
708711088997666817 735 2595 
708738143638450176 837 2799 
708810915978854401 7063 16803 
708834316713893888 510 1715 
708845821941387268 913 3053 
708853462201716736 666 1823 
709042156699303936 1671 4850 
709158332880297985 425 2081 
709179584944730112 680 2047 
709198395643068416 658 2475 
709207347839836162 5938 12828 
709225125749587968 581 2451 
709409458133323776 700 2667 
709449600415961088 588 2277 
709519240576036864 240 1518 
709556954897764353 1091 3362 
709566166965075968 1224 3606 
709852847387627521 1223 3589 
709901256215666688 102 684 
709918798883774466 1083 3052 
710117014656950272 2030 5608 
710140971284037632 902 2820 
710153181850935296 909 2959 
710269109699739648 1147 2439 
710272297844797440 1271 4621 
710283270106132480 526 2187 
710296729921429505 752 2418 
710588934686908417 1906 4641 
710609963652087808 2421 4880 
710658690886586372 571 2360 
710833117892898816 545 2743 
710844581445812225 706 2600 
710997087345876993 1405 4658 
711008018775851008 623 3052 
711306686208872448 747 3384 
711363825979756544 1161 3733 
711652651650457602 934 3927 
711694788429553666 18721 33488 
711732680602345472 4203 9041 
711743778164514816 1004 2909 
711968124745228288 2358 8217 
711998809858043904 130 0 
712065007010385924 641 2311 
712085617388212225 495 3320 
712092745624633345 907 2995 
712097430750289920 1059 3857 
712309440758808576 25 245 
712438159032893441 1592 5431 
712668654853337088 1233 4256 
712717840512598017 5090 12568 
712809025985978368 6849 18899 
713175907180089344 1490 4551 
713177543487135744 2889 7366 
713411074226274305 1321 4513 
713761197720473600 1403 4965 
713900603437621249 754 2891 
713909862279876608 546 1950 
713919462244790272 797 3352 
714141408463036416 1425 4385 
714214115368108032 893 2317 
714251586676113411 845 3336 
714258258790387713 730 3082 
714485234495041536 1159 2743 
714606013974974464 943 3698 
714631576617938945 1019 3333 
714957620017307648 1435 4207 
714962719905021952 4363 7490 
714982300363173890 1052 3822 
715009755312439296 1256 4245 
715200624753819648 1920 5234 
715220193576927233 663 2463 
715342466308784130 704 3094 
715360349751484417 1603 5572 
715680795826982913 1647 4400 
715696743237730304 1315 3982 
715704790270025728 573 2860 
715733265223708672 1718 4754 
715758151270801409 1460 3794 
715928423106027520 894 3254 
716080869887381504 1942 6859 
716285507865542656 1088 2827 
716439118184652801 214 2418 
716447146686459905 5994 13317 
716730379797970944 436 1257 
716791146589110272 1560 7457 
716802964044845056 1196 4379 
717009362452090881 990 3318 
717047459982213120 1966 6405 
717421804990701568 860 3206 
717428917016076293 456 1637 
717537687239008257 1880 5869 
717790033953034240 1139 2935 
717841801130979328 611 2504 
718234618122661888 1020 3948 
718246886998687744 509 1967 
718454725339934721 1531 4951 
718460005985447936 532 2759 
718540630683709445 1032 2521 
718613305783398402 490 2478 
718631497683582976 8201 19181 
718939241951195136 1795 5342 
718971898235854848 1096 3554 
719332531645071360 973 3483 
719339463458033665 1267 4501 
719367763014393856 755 2850 
719551379208073216 1950 5150 
719704490224398336 1469 4643 
719991154352222208 1777 4923 
720043174954147842 2049 4997 
720059472081784833 1138 3942 
720340705894408192 994 2927 
720389942216527872 2554 6502 
720415127506415616 1525 4213 
720775346191278080 679 2531 
720785406564900865 782 3171 
721001180231503872 626 2580 
721503162398597120 1899 4712 
722613351520608256 1660 5057 
722974582966214656 1586 4176 
723179728551723008 1892 5378 
723673163800948736 908 3069 
723688335806480385 3008 7820 
723912936180330496 1261 3974 
724004602748780546 1592 4247 
724046343203856385 572 2704 
724049859469295616 1811 4402 
724405726123311104 1677 5382 
724771698126512129 650 2408 
724983749226668032 1339 3789 
725458796924002305 629 1436 
725729321944506368 1827 5292 
725786712245440512 1391 4234 
725842289046749185 2723 7185 
726224900189511680 1168 4494 
726828223124897792 1021 3633 
726887082820554753 1548 3913 
726935089318363137 2505 7027 
727155742655025152 1358 3701 
727175381690781696 1413 3973 
727286334147182592 827 3103 
727314416056803329 760 3401 
727524757080539137 1248 4556 
727644517743104000 1784 6003 
727685679342333952 649 3010 
728015554473250816 1127 4188 
728035342121635841 1694 4649 
728046963732717569 1211 4403 
728387165835677696 980 3750 
728409960103686147 2051 5015 
728653952833728512 1055 3375 
728751179681943552 688 2829 
728760639972315136 1744 4764 
728986383096946689 833 3210 
729113531270991872 330 1917 
729463711119904772 2366 5906 
729823566028484608 1271 4063 
729838605770891264 391 1749 
729854734790754305 1154 4129 
730196704625098752 1951 4963 
730211855403241472 1071 3905 
730427201120833536 1065 3553 
730573383004487680 2173 5019 
730924654643314689 2020 6267 
731156023742988288 1295 3907 
731285275100512256 1003 3554 
732005617171337216 5526 15198 
732375214819057664 2569 8246 
732585889486888962 788 3748 
732726085725589504 906 3615 
732732193018155009 548 2491 
733109485275860992 17251 51200 
733460102733135873 1313 4295 
733482008106668032 965 3206 
733822306246479872 1035 3744 
733828123016450049 803 3645 
734559631394082816 404 1517 
734776360183431168 556 2562 
734787690684657664 6419 12817 
734912297295085568 533 2799 
735137028879360001 990 3191 
735256018284875776 903 3402 
735274964362878976 5164 13274 
735635087207878657 2389 6307 
735648611367784448 1129 4096 
735991953473572864 1181 3673 
736010884653420544 3066 8059 
736225175608430592 2838 8292 
736365877722001409 1274 4062 
736392552031657984 7579 18085 
736736130620620800 1773 4381 
737310737551491075 7570 14997 
737322739594330112 832 3675 
737445876994609152 4559 10487 
737678689543020544 1362 5145 
737800304142471168 3552 10210 
737826014890496000 1804 5385 
738156290900254721 662 2568 
738166403467907072 3456 8977 
738184450748633089 1241 4415 
738402415918125056 860 3312 
738537504001953792 1586 5210 
738883359779196928 815 3387 
738885046782832640 1168 3846 
738891149612572673 6 112 
739238157791694849 59410 118401 
739485634323156992 3003 7325 
739544079319588864 21840 40470 
739606147276148736 1692 5482 
739623569819336705 1389 3858 
739844404073074688 875 3892 
739932936087216128 1104 4137 
739979191639244800 6059 20404 
740214038584557568 2016 6835 
740359016048689152 878 3367 
740365076218183684 440 2521 
740373189193256964 13634 35703 
740676976021798912 6977 18561 
740699697422163968 801 2907 
740711788199743490 961 3490 
740995100998766593 2808 6522 
741067306818797568 3172 9693 
741099773336379392 5657 10237 
741303864243200000 3304 8983 
741438259667034112 853 3754 
741743634094141440 2835 8364 
741793263812808706 1544 4658 
742150209887731712 1580 5258 
742161199639494656 1415 4444 
742385895052087300 2027 6958 
742423170473463808 3868 10041 
742465774154047488 3979 7429 
742528092657332225 2029 4533 
742534281772302336 3648 7222 
743210557239623680 1405 3938 
743222593470234624 1947 6357 
743253157753532416 1256 4327 
743510151680958465 3803 8096 
743545585370791937 969 3619 
743595368194129920 6723 18868 
743609206067040256 1409 4590 
743835915802583040 2142 0 
743895849529389061 980 3726 
743980027717509120 1121 4266 
744223424764059648 376 1715 
744234799360020481 80145 160308 
744334592493166593 2182 6946 
744709971296780288 1610 5743 
744971049620602880 2755 8073 
744995568523612160 635 3037 
745057283344719872 2332 7417 
745074613265149952 3610 8029 
745314880350101504 2840 7350 
745422732645535745 2498 8802 
745433870967832576 2607 7255 
745712589599014916 2388 7166 
745789745784041472 1096 4117 
746056683365994496 831 3631 
746131877086527488 2272 7083 
746369468511756288 1677 6330 
746507379341139972 1109 4761 
746521445350707200 1009 0 
746542875601690625 1923 5166 
746726898085036033 1842 6203 
746757706116112384 4009 9805 
746790600704425984 1636 5004 
746818907684614144 1781 5434 
746872823977771008 2185 6130 
746906459439529985 307 2966 
747103485104099331 4079 9820 
747204161125646336 941 3465 
747219827526344708 1621 5416 
747242308580548608 2961 0 
747439450712596480 1970 5571 
747461612269887489 1066 3969 
747512671126323200 1642 5683 
747594051852075008 1078 3777 
747600769478692864 566 2380 
747648653817413632 6009 13252 
747651430853525504 159 1423 
747816857231626240 1195 4971 
747844099428986880 769 2884 
747885874273214464 1006 3024 
747933425676525569 2617 6795 
747963614829678593 2205 5918 
748220828303695873 8027 14534 
748307329658011649 727 3759 
748324050481647620 781 3775 
748337862848962560 4224 7867 
748346686624440324 1266 5353 
748568946752774144 686 2248 
748575535303884801 2033 6222 
748692773788876800 1362 4350 
748699167502000129 1644 4870 
748705597323898880 973 2842 
748932637671223296 2330 5987 
748977405889503236 3502 11036 
749036806121881602 812 3191 
749064354620928000 1563 4925 
749075273010798592 2133 5908 
749317047558017024 2292 5633 
749395845976588288 3553 8838 
749403093750648834 551 2698 
749417653287129088 1693 6268 
749774190421639168 1358 4785 
749981277374128128 2526 5251 
749996283729883136 842 3150 
750011400160841729 935 3322 
750026558547456000 809 2786 
750041628174217216 640 3263 
750056684286914561 923 3236 
750071704093859840 3438 8090 
750086836815486976 556 2231 
750101899009982464 865 3131 
750117059602808832 1350 4455 
750132105863102464 1334 3731 
750147208377409536 987 3199 
750381685133418496 29 724 
750383411068534784 1185 4687 
750429297815552001 4420 13538 
750506206503038976 1178 4566 
750719632563142656 5195 13558 
750868782890057730 1421 4913 
751132876104687617 1337 5202 
751205363882532864 1883 6497 
751251247299190784 6071 12865 
751456908746354688 1031 3302 
751538714308972544 1302 5187 
751583847268179968 1142 4529 
751598357617971201 3131 8145 
751793661361422336 2990 6020 
751830394383790080 2010 5965 
751937170840121344 1379 5349 
751950017322246144 954 3157 
752173152931807232 1891 6111 
752309394570878976 16924 0 
752334515931054080 1141 3928 
752519690950500352 3546 7580 
752568224206688256 2358 5691 
752660715232722944 1612 4520 
752682090207055872 1649 6158 
752701944171524096 2964 0 
752917284578922496 1630 7103 
752932432744185856 7075 13013 
753026973505581056 1004 4029 
753039830821511168 21626 38233 
753294487569522689 1076 3482 
753298634498793472 5912 0 
753375668877008896 2411 7868 
753398408988139520 1977 5946 
753420520834629632 3676 8160 
753655901052166144 2229 6005 
754120377874386944 2433 8102 
754449512966619136 751 3865 
754482103782404096 2018 5470 
754747087846248448 540 2658 
754856583969079297 2606 7092 
754874841593970688 8204 0 
755110668769038337 11469 21868 
755206590534418437 5517 16949 
755955933503782912 2971 7548 
756275833623502848 1581 6628 
756288534030475264 18039 44139 
756303284449767430 1128 4070 
756526248105566208 3717 10732 
756651752796094464 1353 5218 
756939218950160384 2075 6851 
756998049151549440 2051 6478 
757354760399941633 1474 4665 
757393109802180609 1794 6007 
757400162377592832 7083 15612 
757596066325864448 1084 4475 
757597904299253760 306 0 
757611664640446465 1144 4711 
757725642876129280 1254 4675 
757729163776290825 8297 0 
757741869644341248 3365 7092 
758041019896193024 385 2788 
758099635764359168 10381 19739 
758355060040593408 1116 3525 
758405701903519748 1982 5366 
758467244762497024 2300 4954 
758474966123810816 1034 3931 
758740312047005698 1662 5911 
758828659922702336 3982 11546 
758854675097526272 927 3657 
759047813560868866 2103 6707 
759099523532779520 4313 14975 
759159934323924993 1206 0 
759197388317847553 2016 6258 
759446261539934208 502 1724 
759447681597108224 2526 8772 
759557299618865152 1221 4856 
759566828574212096 21840 0 
759793422261743616 1965 6152 
759846353224826880 2043 6929 
759923798737051648 5869 15151 
759943073749200896 2156 6127 
760153949710192640 31 0 
760190180481531904 1870 5885 
760252756032651264 900 4068 
760290219849637889 11928 27685 
760521673607086080 1445 4369 
760539183865880579 3754 7837 
760641137271070720 1333 5126 
760656994973933572 1979 6829 
760893934457552897 1011 3941 
761004547850530816 3604 11699 
761227390836215808 1620 5482 
761292947749015552 1127 4614 
761334018830917632 1503 5370 
761371037149827077 18721 0 
761599872357261312 1224 4261 
761672994376806400 30164 51166 
761745352076779520 887 4407 
761750502866649088 4070 0 
761976711479193600 2081 5574 
762035686371364864 16156 33012 
762316489655476224 1159 4963 
762464539388485633 4341 10648 
762471784394268675 6697 11631 
762699858130116608 3760 12574 
763103485927849985 2366 7598 
763167063695355904 3138 0 
763183847194451968 1536 5568 
763837565564780549 4315 13014 
763956972077010945 57 773 
764259802650378240 1563 6235 
764857477905154048 1833 6668 
765222098633691136 3513 12026 
765371061932261376 2243 7325 
765395769549590528 3506 27411 
765669560888528897 1264 5365 
765719909049503744 2223 7496 
766008592277377025 517 3881 
766069199026450432 888 4396 
766078092750233600 2723 0 
766313316352462849 1954 7021 
766423258543644672 1656 6219 
766693177336135680 824 4158 
766714921925144576 392 2688 
766793450729734144 1405 5262 
766864461642756096 5869 0 
767122157629476866 2968 10499 
767191397493538821 3930 12714 
767500508068192258 2428 7749 
767754930266464257 5598 16596 
767884188863397888 1443 4930 
768193404517830656 3700 11285 
768473857036525572 3570 14126 
768554158521745409 6059 0 
768596291618299904 1333 5220 
768609597686943744 1248 4260 
768855141948723200 923 4351 
768909767477751808 2795 0 
768970937022709760 6777 14924 
769212283578875904 1780 5598 
769335591808995329 8022 0 
769695466921623552 1725 6619 
769940425801170949 9965 32509 
770069151037685760 2385 7845 
770093767776997377 3172 0 
770293558247038976 1539 6468 
770414278348247044 2172 6535 
770655142660169732 1823 7580 
770772759874076672 1472 5369 
770787852854652928 1253 5120 
771004394259247104 224 0 
771014301343748096 1717 7132 
771102124360998913 1487 6470 
771136648247640064 3038 9482 
771171053431250945 7826 0 
771380798096281600 5301 10872 
771500966810099713 2708 8559 
771770456517009408 3539 12432 
771908950375665664 1981 6820 
772102971039580160 968 4155 
772114945936949249 485 2813 
772117678702071809 769 3910 
772152991789019136 1171 3939 
772193107915964416 1444 6268 
772581559778025472 1759 6735 
772615324260794368 3513 0 
772826264096874500 2444 8334 
772877495989305348 4038 8892 
773191612633579521 4307 10361 
773247561583001600 3380 9777 
773308824254029826 7778 24139 
773336787167145985 5301 0 
773547596996571136 6420 22935 
773670353721753600 1354 5530 
773704687002451968 1697 6861 
773922284943896577 1820 6644 
773985732834758656 4034 11131 
774314403806253056 5771 22596 
774639387460112384 1798 6972 
774757898236878852 1856 8901 
775085132600442880 4931 16145 
775350846108426240 4066 10557 
775364825476165632 3106 7693 
775729183532220416 4790 13430 
775733305207554048 4155 14376 
775842724423557120 2786 12171 
775898661951791106 17251 0 
776088319444877312 158 1910 
776113305656188928 4541 12199 
776201521193218049 2623 9985 
776218204058357768 16602 31136 
776249906839351296 9549 0 
776477788987613185 2893 9190 
776813020089548800 1267 5073 
776819012571455488 14305 0 
777189768882946048 4491 14865 
777621514455814149 2600 9106 
777641927919427584 4420 0 
777684233540206592 3067 11661 
777885040357281792 1702 6612 
777953400541634568 3700 0 
778027034220126208 1689 6810 
778039087836069888 2751 8824 
778286810187399168 3442 10810 
778383385161035776 1149 6073 
778396591732486144 12787 0 
778408200802557953 4535 14194 
778624900596654080 1058 4815 
778650543019483137 1574 5998 
778748913645780993 1375 7167 
778764940568104960 380 898 
778774459159379968 10381 0 
778990705243029504 7551 20820 
779056095788752897 4729 15376 
779124354206535695 19218 0 
779377524342161408 3245 9182 
779834332596887552 7401 19691 
780074436359819264 5200 12735 
780092040432480260 2411 0 
780192070812196864 2341 9060 
780459368902959104 1122 5501 
780476555013349377 119 0 
780496263422808064 3868 0 
780543529827336192 1814 6557 
780601303617732608 3492 12609 
780800785462489090 1365 5719 
780858289093574656 2098 7482 
780931614150983680 7673 22512 
781163403222056960 2864 10192 
781251288990355457 2185 8781 
781308096455073793 2667 7431 
781524693396357120 5821 21608 
781655249211752448 1175 4166 
781661882474196992 2842 10883 
781955203444699136 3526 11584 
782021823840026624 6500 0 
782305867769217024 5838 17354 
782598640137187329 1969 8117 
782722598790725632 5648 17989 
782747134529531904 1466 7792 
782969140009107456 7718 25140 
783085703974514689 2323 8496 
783334639985389568 12249 30402 
783347506784731136 5848 0 
783391753726550016 5763 17585 
783466772167098368 2352 8807 
783695101801398276 3364 10891 
783821107061198850 2056 7668 
783839966405230592 11290 31297 
784057939640352768 11674 31105 
784183165795655680 8458 20988 
784431430411685888 1347 5948 
784517518371221505 2662 9346 
784826020293709826 3391 10558 
785170936622350336 5083 12582 
785264754247995392 1712 7566 
785515384317313025 1328 6365 
785533386513321988 2093 9504 
785639753186217984 2335 8162 
785872687017132033 1918 6984 
785927819176054784 3329 11885 
786036967502913536 7401 0 
786051337297522688 160 1487 
786233965241827333 5005 15946 
786286427768250368 3003 8314 
786363235746385920 3684 11377 
786595970293370880 3276 9820 
786664955043049472 2680 11100 
786709082849828864 6417 19035 
786729988674449408 2526 0 
786963064373534720 8366 27783 
787111942498508800 7075 0 
787322443945877504 1829 8139 
787397959788929025 2987 11341 
787717603741622272 2920 10684 
787810552592695296 3219 9061 
788039637453406209 1386 6422 
788070120937619456 3604 0 
788150585577050112 1359 6403 
788178268662984705 2205 7548 
788412144018661376 5536 16274 
788552643979468800 7579 0 
788765914992902144 10846 28651 
788908386943430656 13077 28636 
789137962068021249 2942 10144 
789268448748703744 2732 9522 
789280767834746880 5195 0 
789314372632018944 2408 9019 
789530877013393408 3549 12303 
789599242079838210 2023 7077 
789628658055020548 1868 7855 
789903600034189313 4341 10854 
789960241177853952 4341 0 
789986466051088384 2437 9666 
790227638568808452 3760 0 
790277117346975746 3342 13135 
790337589677002753 1971 8176 
790581949425475584 7554 21607 
790698755171364864 2022 8576 
790723298204217344 2437 0 
790946055508652032 4930 17401 
790987426131050500 2239 10316 
791026214425268224 4315 0 
791312159183634433 2667 9173 
791406955684368384 4341 13717 
791672322847637504 3290 12281 
791774931465953280 23373 47174 
791780927877898241 4009 0 
791784077045166082 10120 0 
791821351946420224 22181 0 
792050063153438720 1903 7500 
792394556390137856 4515 14056 
792773781206999040 1770 7694 
792883833364439040 4491 11827 
792913359805018113 4188 15002 
793120401413079041 4120 13285 
793135492858580992 2614 6761 
793150605191548928 1795 6476 
793165685325201412 2930 9851 
793180763617361921 2106 7263 
793195938047070209 5925 15989 
793210959003287553 2944 9341 
793226087023144960 3027 10297 
793241302385262592 3454 11000 
793256262322548741 8787 20921 
793271401113350145 2513 9083 
793286476301799424 9672 25734 
793500921481273345 2501 11178 
793601777308463104 1710 8348 
793614319594401792 3290 0 
793845145112371200 1968 9643 
793962221541933056 5144 17589 
794205286408003585 3497 9628 
794332329137291264 2802 10016 
794355576146903043 10846 0 
794926597468000259 2433 10751 
794983741416415232 3549 0 
795076730285391872 5712 16960 
795400264262053889 3041 10541 
795464331001561088 24982 52040 
796031486298386433 3902 11316 
796080075804475393 2441 8855 
796116448414461957 2547 9542 
796125600683540480 1893 5186 
796149749086875649 15068 33799 
796177847564038144 15068 0 
796387464403357696 4374 11514 
796484825502875648 1858 7934 
796563435802726400 7673 0 
796759840936919040 3222 12400 
796865951799083009 2013 8039 
796904159865868288 9389 0 
797165961484890113 28 235 
797236660651966464 6970 20886 
797545162159308800 5117 15183 
797971864723324932 3285 12157 
798209839306514432 2695 10876 
798340744599797760 3539 0 
798576900688019456 6147 0 
798585098161549313 6010 0 
798628517273620480 2073 0 
798644042770751489 1951 0 
798665375516884993 4104 0 
798673117451325440 5849 0 
798682547630837760 4963 0 
798686750113755136 2451 0 
798694562394996736 5232 0 
798697898615730177 6849 0 
798701998996647937 8201 0 
798705661114773508 6977 0 
798925684722855936 1506 7803 
798933969379225600 4723 13723 
799063482566066176 2599 8450 
799297110730567681 2909 10349 
799308762079035393 5771 0 
799422933579902976 2029 8424 
799757965289017345 2271 8784 
799774291445383169 4931 0 
800018252395122689 13864 29709 
800141422401830912 2691 16001 
800188575492947969 4162 0 
800388270626521089 2952 11669 
800443802682937345 4541 0 
800459316964663297 2271 9923 
800513324630806528 3157 13735 
800751577355128832 2930 11023 
800855607700029440 1695 0 
800859414831898624 100 718 
801115127852503040 2211 8450 
801127390143516673 4155 0 
801167903437357056 6246 25627 
801285448605831168 866 6327 
801538201127157760 2174 8565 
801854953262350336 249 1851 
801958328846974976 1791 8077 
802185808107208704 280 0 
802239329049477120 2749 9477 
802265048156610565 1435 7050 
802323869084381190 6141 16936 
802572683846291456 2638 9351 
802600418706604034 1545 7432 
802624713319034886 3067 0 
802952499103731712 2107 9431 
803276597545603072 2591 10491 
803321560782307329 5598 0 
803380650405482500 1955 8111 
803638050916102144 4342 11455 
803692223237865472 7819 0 
803773340896923648 2903 10503 
804026241225523202 17001 46601 
804413760345620481 3391 0 
804475857670639616 2120 6408 
804738756058218496 4042 14320 
805207613751304193 1800 8151 
805487436403003392 2665 9182 
805520635690676224 1734 6008 
805823200554876929 8458 0 
805826884734976000 1924 6863 
805932879469572096 2014 8646 
805958939288408065 5648 0 
806219024703037440 1251 6717 
806242860592926720 12249 0 
806542213899489280 2478 10680 
806576416489959424 2046 5089 
806620845233815552 5821 0 
806629075125202948 36521 78244 
807010152071229440 4053 13641 
807059379405148160 7718 0 
807106840509214720 58431 123858 
807621403335917568 3839 15210 
808001312164028416 3722 13124 
808106460588765185 2322 9162 
808134635716833280 6246 0 
808344865868283904 21922 44457 
808501579447930884 2739 11794 
808733504066486276 2282 8269 
808838249661788160 3207 10557 
809084759137812480 3708 13808 
809220051211603969 5900 20789 
809448704142938112 1539 7248 
809808892968534016 5144 0 
809920764300447744 4126 16164 
810254108431155201 3528 15322 
810284430598270976 11936 36860 
810657578271330305 2788 11463 
810896069567610880 1863 9425 
810984652412424192 1517 5572 
811386762094317568 6703 21818 
811627233043480576 3256 13321 
811647686436880384 781 5838 
811744202451197953 1677 7879 
811985624773361665 1475 7575 
812372279581671427 3854 14277 
812466873996607488 2024 8314 
812503143955202048 1292 6325 
812709060537683968 1499 6906 
812781120811126785 2007 7905 
813051746834595840 7723 21836 
813066809284972545 2050 8306 
813081950185472002 2904 10292 
813096984823349248 3796 10969 
813112105746448384 2887 10745 
813127251579564032 3279 12358 
813130366689148928 472 4662 
813142292504645637 2490 8823 
813157409116065792 2325 8093 
813172488309972993 2013 9691 
813187593374461952 4587 20696 
813202720496779264 1889 9597 
813217897535406080 7659 19455 
813800681631023104 1848 8688 
813812741911748608 14668 37926 
813910438903693312 1960 9694 
813944609378369540 3342 0 
814153002265309185 9098 30007 
814530161257443328 1944 9003 
814578408554463233 6115 0 
814638523311648768 2835 11741 
814986499976527872 1345 7971 
815390420867969024 3988 10794 
815639385530101762 1723 8559 
815736392542261248 2377 10242 
815745968457060357 4341 0 
815966073409433600 8864 23313 
815990720817401858 1079 5170 
816014286006976512 5526 0 
816062466425819140 1079 0 
816091915477250048 2247 9280 
816336735214911488 2037 8948 
816450570814898180 8495 31759 
816697700272001025 2293 10185 
816816676327063552 2139 10416 
816829038950027264 4930 0 
817056546584727552 1719 8921 
817120970343411712 2721 12685 
817171292965273600 2113 9089 
817181837579653120 8864 0 
817415592588222464 1004 5827 
817423860136083457 15482 35357 
817502432452313088 3549 0 
817536400337801217 3123 12251 
817777686764523521 2821 11141 
817827839487737858 28333 53784 
817908911860748288 835 5039 
818145370475810820 2693 12758 
818259473185828864 2385 11443 
818307523543449600 8495 0 
818536468981415936 2585 11336 
818588835076603904 6420 0 
818614493328580609 2687 10233 
818627210458333184 7880 23230 
818646164899774465 21922 0 
819004803107983360 38488 90185 
819006400881917954 19785 46946 
819015331746349057 19785 0 
819015337530290176 38488 0 
819227688460238848 7035 23973 
819238181065359361 423 2370 
819347104292290561 1256 7493 
819588359383371776 2066 9972 
819711362133872643 3251 13946 
819924195358416896 5079 13371 
819952236453363712 1236 5525 
820013781606658049 1236 0 
820078625395449857 6550 20550 
820314633777061888 592 3464 
820446719150292993 2691 0 
820494788566847489 592 0 
820690176645140481 3371 12658 
820749716845686786 10319 32714 
820837357901512704 7035 0 
821044531881721856 2378 13109 
821107785811234820 2225 9933 
821149554670182400 2089 9001 
821153421864615936 10 264 
821407182352777218 4523 12218 
821421320206483457 5838 0 
821522889702862852 1845 8313 
821765923262631936 1719 8717 
821813639212650496 3492 0 
821886076407029760 2419 11747 
822163064745328640 5005 0 
822244816520155136 10309 36266 
822462944365645825 15069 29271 
822489057087389700 6674 18815 
822610361945911296 3071 15308 
822647212903690241 6674 0 
822859134160621569 2391 13728 
822872901745569793 45227 136660 
822975315408461824 3591 17890 
823269594223824897 10309 0 
823322678127919110 4192 16275 
823333489516937216 26 720 
823581115634085888 2742 13473 
823699002998870016 2622 14425 
823719002937630720 11674 0 
823939628516474880 2818 10996 
824025158776213504 617 4963 
824297048279236611 4023 15590 
824325613288833024 10905 12216 
824663926340194305 1808 10435 
824775126675836928 3663 15438 
824796380199809024 5712 0 
825026590719483904 1324 6546 
825120256414846976 1324 0 
825147591692263424 4726 18917 
825535076884762624 17973 53940 
825829644528148480 2581 13154 
825876512159186944 1950 10783 
826115272272650244 3252 16151 
826204788643753985 964 5033 
826240494070030336 2701 13715 
826476773533745153 4373 19014 
826598365270007810 2435 10379 
826598799820865537 264 5274 
826615380357632002 4126 0 
826848821049180160 10579 37576 
826958653328592898 5206 22255 
827199976799354881 2322 10901 
827324948884643840 3166 16339 
827600520311402496 975 7649 
827653905312006145 3111 15949 
827933404142436356 5430 20751 
828011680017821696 2227 10672 
828046555563323392 2962 12129 
828361771580813312 177 2275 
828372645993398273 3053 12955 
828376505180889089 1110 7613 
828381636999917570 2298 13014 
828408677031882754 1337 7916 
828409743546925057 1202 6524 
828650029636317184 1408 9808 
828708714936930305 11638 37695 
828770345708580865 6088 26328 
828801551087042563 3528 0 
829011960981237760 16882 54684 
829141528400556032 7640 25178 
829449946868879360 2097 10786 
829501995190984704 11005 32705 
829861396166877184 2024 12592 
829878982036299777 5206 0 
830097400375152640 3072 10124 
830173239259324417 5900 0 
830583320585068544 17375 68834 
830956169170665475 1542 8193 
831262627380748289 2115 12246 
831309418084069378 2536 12072 
831315979191906304 1158 6717 
831322785565769729 1594 9502 
831552930092285952 2377 9244 
831650051525054464 1999 7371 
831670449226514432 1876 10741 
831911600680497154 6725 28432 
831926988323639298 34 349 
831939777352105988 6345 24674 
832032802820481025 4816 18353 
832040443403784192 9965 0 
832088576586297345 2 67 
832215726631055365 9672 0 
832215909146226688 6417 0 
832273440279240704 2409 11633 
832369877331693569 3293 17653 
832397543355072512 2285 12263 
832636094638288896 2874 16284 
832645525019123713 541 3008 
832682457690300417 3023 12202 
832757312314028032 3731 17299 
832769181346996225 39 0 
832998151111966721 2280 13659 
833124694597443584 4982 20713 
833479644947025920 2108 15242 
833722901757046785 3322 21308 
833732339549220864 223 0 
833826103416520705 3874 18486 
833863086058651648 2474 13751 
834086379323871233 2272 13402 
834089966724603904 2195 10313 
834167344700198914 3761 16198 
834209720923721728 4904 21165 
834458053273591808 1731 9870 
834477809192075265 11005 0 
834574053763584002 2610 14027 
834786237630337024 5639 21815 
834931633769889797 1698 11095 
835152434251116546 3113 23026 
835172783151792128 5921 26816 
835246439529840640 73 2152 
835264098648616962 1749 7918 
835297930240217089 3093 16863 
835309094223372289 21626 0 
835536468978302976 1749 0 
835574547218894849 3711 18232 
835685285446955009 8366 0 
836001077879255040 4376 19572 
836260088725786625 4409 21810 
836380477523124226 3060 15116 
836397794269200385 28333 0 
836648853927522308 564 0 
836677758902222849 2276 12913 
836753516572119041 4768 19751 
836989968035819520 2345 13028 
837110210464448512 2436 16419 
837471256429613056 2333 13099 
837482249356513284 450 3921 
837820167694528512 8071 34959 
838083903487373313 3223 18032 
838085839343206401 1 145 
838150277551247360 339 1711 
838201503651401729 10319 0 
838476387338051585 4897 23080 
838561493054533637 1363 11156 
838831947270979586 11290 0 
838916489579200512 35 0 
838921590096166913 2108 11399 
838952994649550848 4088 20054 
839239871831150596 6686 27779 
839290600511926273 146 0 
839549326359670784 7954 28077 
839990271299457024 2341 13704 
840268004936019968 5859 19682 
840370681858686976 4652 16799 
840632337062862849 1796 9157 
840696689258311684 997 12523 
840698636975636481 2 177 
840728873075638272 16524 0 
840761248237133825 1796 0 
841077006473256960 5424 23308 
841314665196081154 4768 16136 
841320156043304961 5600 20177 
841439858740625411 3759 12900 
841680585030541313 7949 26184 
841833993020538882 15482 0 
842115215311396866 3095 14260 
842163532590374912 5907 24908 
842535590457499648 3576 18414 
842765311967449089 1306 6874 
842846295480000512 3697 15505 
843235543001513987 6127 21891 
843604394117681152 2793 17177 
843856843873095681 4707 21823 
843981021012017153 2992 15404 
844223788422217728 2240 13861 
844580511645339650 3185 16749 
844973813909606400 3257 15347 
844979544864018432 2598 13842 
845098359547420673 7778 0 
845306882940190720 5466 23689 
845397057150107648 1837 7749 
845677943972139009 4858 25534 
845812042753855489 8835 29691 
846042936437604353 2913 16228 
846139713627017216 10108 31386 
846153765933735936 9185 32100 
846505985330044928 3107 14301 
846514051647705089 11727 45228 
846874817362120707 3969 20342 
847116187444137987 3225 21689 
847157206088847362 5943 20166 
847251039262605312 4337 20711 
847606175596138505 3460 18983 
847617282490613760 421 7076 
847842811428974592 1344 5514 
847962785489326080 5149 23778 
847971574464610304 436 0 
847978865427394560 3293 0 
848212111729840128 3083 16493 
848213670039564288 741 8271 
848324959059550208 4632 24995 
848690551926992896 4361 25421 
849051919805034497 8553 42737 
849336543269576704 1916 11503 
849412302885593088 3174 15996 
849668094696017920 4982 0 
849776966551130114 7657 30720 
850019790995546112 4907 20575 
850145622816686080 3828 16443 
850333567704068097 335 3477 
850380195714523136 2628 13161 
850753642995093505 9203 31063 
851224888060895234 5744 20769 
851464819735769094 7081 24360 
851591660324737024 3484 16306 
851861385021730816 19 0 
852189679701164033 1585 11489 
852226086759018497 6854 20062 
852311364735569921 9930 33202 
852553447878664193 3495 16343 
852672615818899456 2148 14940 
852912242202992640 1822 9074 
852936405516943360 1999 0 
853299958564483072 3541 15510 
853639147608842240 10050 34762 
853760880890318849 5724 28542 
854010172552949760 3140 16162 
854120357044912130 7444 31891 
854365224396361728 4657 18814 
854482394044301312 6836 29180 
854732716440526848 6008 22718 
855138241867124737 44 0 
855245323840757760 5907 0 
855459453768019968 8130 29685 
855818117272018944 5361 26450 
855851453814013952 17713 45249 
855857698524602368 2092 11777 
855860136149123072 988 4958 
855862651834028034 26 342 
856282028240666624 6195 27504 
856288084350160898 15 510 
856330835276025856 655 0 
856526610513747968 1849 11742 
856543823941562368 2834 16123 
857029823797047296 3934 18710 
857062103051644929 168 0 
857214891891077121 17 225 
857263160327368704 4433 19795 
857393404942143489 1611 5822 
857746408056729600 10420 33812 
857989990357356544 2544 15911 
858107933456039936 2855 15523 
858471635011153920 4748 21196 
858843525470990336 3424 15329 
858860390427611136 7954 0 
859074603037188101 13312 33371 
859196978902773760 29437 88473 
859607811541651456 1528 18287 
859851578198683649 3429 15168 
859924526012018688 3996 19246 
860177593139703809 30164 0 
860184849394610176 5700 16384 
860276583193509888 3398 18021 
860524505164394496 5155 23217 
860563773140209665 2091 7378 
860924035999428608 787 0 
860981674716409858 2091 0 
861005113778896900 3709 16391 
861288531465048066 4020 16869 
861383897657036800 10399 35394 
862096992088072192 22487 72907 
862457590147678208 4794 20064 
862722525377298433 3428 16717 
862831371563274240 4980 18771 
863062471531167744 2353 8302 
863079547188785154 1067 8583 
863427515083354112 92 2189 
863432100342583297 5072 23286 
863471782782697472 2353 0 
863553081350529029 4042 14944 
863907417377173506 3987 20141 
864197398364647424 8572 29366 
864279568663928832 2917 14248 
864873206498414592 8392 31498 
865006731092295680 7409 27340 
865359393868664832 4814 25817 
865718153858494464 5411 25019 
866094527597207552 8071 0 
866334964761202691 13771 51148 
866450705531457537 33914 119153 
866686824827068416 3337 18771 
866720684873056260 4614 19521 
867051520902168576 7555 31371 
867072653475098625 117 0 
867421006826221569 2383 15665 
867774946302451713 7048 33020 
867900495410671616 4008 23526 
868552278524837888 1989 9814 
868622495443632128 5079 25931 
868639477480148993 1989 0 
868880397819494401 13814 63547 
869227993411051520 3612 19811 
869596645499047938 2992 15493 
869702957897576449 6028 27366 
869772420881756160 9622 41167 
870063196459192321 7922 35435 
870308999962521604 3958 21174 
870374049280663552 25175 80196 
870656317836468226 2508 11985 
870726314365509632 3 118 
870804317367881728 5892 32524 
871032628920680449 3632 21940 
871102520638267392 5237 20234 
871166179821445120 5424 0 
871515927908634625 3288 19471 
871762521631449091 3301 19555 
871879754684805121 10488 36468 
872122724285648897 7689 33187 
872486979161796608 8548 39259 
872620804844003328 3466 19989 
872820683541237760 3514 14197 
872967104147763200 5116 26292 
873213775632977920 1505 6928 
873337748698140672 1505 0 
873580283840344065 3719 23317 
874012996292530176 9742 33196 
874057562936811520 3743 21855 
874296783580663808 3885 25062 
874434818259525634 13771 0 
874680097055178752 4370 26774 
875021211251597312 4456 24502 
875097192612077568 5725 26394 
875144289856114688 4648 21085 
875747767867523072 4017 24217 
876120275196170240 4399 26858 
876484053909872640 2245 18046 
876537666061221889 4397 22670 
876838120628539392 3140 19903 
877201837425926144 5260 26044 
877316821321428993 4872 26328 
877556246731214848 3581 21815 
877611172832227328 74 0 
877736472329191424 17893 76385 
878057613040115712 6398 40415 
878281511006478336 1209 7418 
878316110768087041 6274 0 
878404777348136964 1209 0 
878604707211726852 6710 28974 
878776093423087618 3856 18609 
879008229531029506 2525 18229 
879050749262655488 4396 21646 
879130579576475649 6398 0 
879376492567855104 2932 16147 
879415818425184262 41649 101651 
879492040517615616 2987 22516 
879674319642796034 10 301 
879862464715927552 3277 21454 
880095782870896641 4071 26530 
880221127280381952 3946 25913 
880465832366813184 5853 27356 
880872448815771648 3584 20424 
880935762899988482 2617 16337 
881268444196462592 4914 22239 
881536004380872706 14969 47402 
881633300179243008 7 121 
881666595344535552 10019 48598 
881906580714921986 3186 23334 
882045870035918850 4593 28126 
882268110199369728 10870 43082 
882627270321602560 5686 26801 
882762694511734784 4594 27135 
882992080364220416 3657 22943 
883117836046086144 6232 35618 
883360690899218434 3470 21745 
883482846933004288 9276 44042 
883838122936631299 3234 20972 
884162670584377345 2794 19547 
884247878851493888 19063 69900 
884441805382717440 5328 25934 
884562892145688576 4414 23322 
884876753390489601 5253 26754 
884925521741709313 16994 74119 
885167619883638784 4097 21011 
885311592912609280 17375 0 
885518971528720385 3497 19632 
885528943205470208 5995 34506 
885984800019947520 6320 31278 
886054160059072513 103 0 
886258384151887873 5914 26833 
886267009285017600 4 115 
886366144734445568 2987 20292 
886680336477933568 4176 21512 
886736880519319552 3034 11526 
886983233522544640 7189 33633 
887101392804085760 5578 29330 
887343217045368832 9798 32294 
887473957103951883 16893 66072 
887517139158093824 10991 44441 
887705289381826560 5044 28987 
888078434458587136 3258 20867 
888554962724278272 3288 18995 
888804989199671297 3988 24527 
888917238123831296 4209 27928 
889278841981685760 5018 24186 
889531135344209921 2113 14505 
889638837579907072 4219 25985 
889665388333682689 9400 46100 
889880896479866881 4672 26726 
890006608113172480 6864 29451 
890240255349198849 6894 30594 
890609185150312448 4011 26719 
890729181411237888 17675 62576 
890971913173991426 1929 11330 
891087950875897856 2909 19412 
891327558926688256 8759 38639 
891689557279858688 8072 40414 
891815181378084864 3888 24034 
892177421306343426 5886 31917 
892420643555336193 7923 37095 
